%YAML:1.0
---
dst_pts: !!opencv-matrix
   rows: 14
   cols: 2
   dt: i
   data: [ 49, 1061, 53, 686, 51, 428, 55, 37, 574, 49, 981, 42, 1377,
       46, 1891, 40, 1880, 433, 1879, 682, 1889, 1057, 1349, 1070, 965,
       1075, 568, 1063 ]
