%YAML:1.0
---
dst_pts: !!opencv-matrix
   rows: 14
   cols: 2
   dt: i
   data: [ 60, 1059, 56, 682, 47, 431, 54, 42, 581, 49, 967, 48, 1329,
       46, 1881, 46, 1884, 438, 1876, 680, 1876, 1063, 1351, 1070, 967,
       1067, 559, 1071 ]
