%YAML:1.0
---
dst_pts: !!opencv-matrix
   rows: 8
   cols: 2
   dt: i
   data: [ 50, 1070, 981, 1064, 1893, 1059, 1894, 558, 1881, 49, 970, 51,
       55, 47, 52, 548 ]
