%YAML:1.0
---
dst_pts: !!opencv-matrix
   rows: 6
   cols: 2
   dt: i
   data: [ 51, 1067, 966, 1060, 1880, 1065, 1883, 41, 969, 41, 60, 41 ]
