%YAML:1.0
---
src_pts: !!opencv-matrix
   rows: 14
   cols: 2
   dt: i
   data: [ 69, 1066, 535, 742, 923, 526, 1182, 444, 1761, 423, 2421, 453,
       3194, 638, 3621, 781, 3872, 962, 4178, 1225, 4523, 1605, 3738,
       1838, 2197, 1864, 755, 1402 ]
