%YAML:1.0
---
src_pts: !!opencv-matrix
   rows: 8
   cols: 2
   dt: i
   data: [ 18, 1251, 2127, 1573, 4080, 2017, 4069, 576, 3508, 235, 2396,
       375, 1099, 201, 238, 231 ]
