%YAML:1.0
---
src_pts: !!opencv-matrix
   rows: 6
   cols: 2
   dt: i
   data: [ 70, 1062, 2197, 1826, 4536, 1604, 3605, 774, 2419, 461, 1194,
       438 ]
