%YAML:1.0
---
src_pts: !!opencv-matrix
   rows: 14
   cols: 2
   dt: i
   data: [ 67, 1063, 526, 744, 909, 542, 1197, 438, 1740, 415, 2418, 475,
       3157, 635, 3609, 785, 3855, 951, 4148, 1226, 4516, 1598, 3941,
       1763, 2228, 1836, 690, 1365 ]
