%YAML:1.0
---
K: !!opencv-matrix
   rows: 3
   cols: 3
   dt: d
   data: [ 1.0596688902531409e+03, 0., 2.0749040004129897e+03, 0.,
       1.3475149752790996e+03, 9.9312062861563879e+02, 0., 0., 1. ]
D: !!opencv-matrix
   rows: 1
   cols: 5
   dt: d
   data: [ -1.0752215084759657e-01, 1.0436091517789833e-02,
       5.8433034531405223e-05, -9.1309286755566349e-04,
       -4.3177208802927400e-04 ]
