%YAML:1.0
---
K: !!opencv-matrix
   rows: 3
   cols: 3
   dt: d
   data: [ 1.0606811183947107e+03, 0., 2.0451556907770960e+03, 0.,
       1.3504881354933891e+03, 9.8302063894097239e+02, 0., 0., 1. ]
D: !!opencv-matrix
   rows: 1
   cols: 5
   dt: d
   data: [ -1.0900224891194155e-01, 1.0524885659799704e-02,
       -2.2544190104936565e-04, -1.4344482031667996e-04,
       -4.2995699201066367e-04 ]
