%YAML:1.0
---
K: !!opencv-matrix
   rows: 3
   cols: 3
   dt: d
   data: [ 1.0301745642392827e+03, 0., 1.9636218573104354e+03, 0.,
       1.1820618521555646e+03, 1.0179657564962221e+03, 0., 0., 1. ]
D: !!opencv-matrix
   rows: 1
   cols: 5
   dt: d
   data: [ -1.8693304424351184e-01, 3.5582937580635438e-02,
       4.5876112645708473e-04, -3.2839380809249332e-04,
       -3.0393433118622941e-03 ]
