%YAML:1.0
---
K: !!opencv-matrix
   rows: 3
   cols: 3
   dt: d
   data: [ 1.0606811180334037e+03, 0., 2.0451556905965479e+03, 0.,
       1.3504881356742274e+03, 9.8302063950105958e+02, 0., 0., 1. ]
D: !!opencv-matrix
   rows: 1
   cols: 5
   dt: d
   data: [ -1.0900224883299499e-01, 1.0524885644118688e-02,
       -2.2544191263079079e-04, -1.4344481565941252e-04,
       -4.2995699105440922e-04 ]
