%YAML:1.0
---
src: !!opencv-matrix
   rows: 657
   cols: 1
   dt: "2f"
   data: [ 5.32315483e+01, 4.31463135e+02, 5.33329620e+01,
       1.06458105e+03, 5.33329620e+01, 1.06458105e+03, 5.34066086e+01,
       4.39628487e+01, 5.34066086e+01, 4.39628487e+01, 5.34349670e+01,
       6.77450928e+02, 5.34477882e+01, 1.28756668e+02, 5.34719353e+01,
       9.79745972e+02, 5.92969589e+01, 1.36421204e+02, 5.92969589e+01,
       1.36421204e+02, 5.93444023e+01, 4.23649475e+02, 5.93444023e+01,
       4.23649475e+02, 5.93715248e+01, 6.69697144e+02, 5.93715248e+01,
       6.69697144e+02, 5.93751297e+01, 9.72101929e+02, 5.93751297e+01,
       9.72101929e+02, 5.93756905e+01, 1.05831531e+03, 5.93756905e+01,
       1.05831531e+03, 5.93805466e+01, 6.85059265e+02, 5.93805466e+01,
       6.85059265e+02, 5.93852158e+01, 9.87207825e+02, 5.93852158e+01,
       9.87207825e+02, 5.93932037e+01, 5.04328995e+01, 5.93932037e+01,
       5.04328995e+01, 5.93967438e+01, 1.21254982e+02, 5.93967438e+01,
       1.21254982e+02, 5.94042664e+01, 4.39045410e+02, 9.31957779e+01,
       8.66349106e+01, 9.31957779e+01, 8.66349106e+01, 9.51644897e+01,
       1.02464734e+03, 1.21686394e+02, 6.19841553e+02, 1.21686394e+02,
       6.19841553e+02, 1.21698730e+02, 4.88247253e+02, 1.21698730e+02,
       4.88247253e+02, 1.23841843e+02, 5.61727783e+02, 1.24008202e+02,
       5.46895325e+02, 1.28105438e+02, 5.35753967e+02, 1.28105438e+02,
       5.35753967e+02, 1.28660538e+02, 5.74277954e+02, 1.31352188e+02,
       5.54548401e+02, 1.33561966e+02, 5.69095215e+02, 1.33561966e+02,
       5.69095215e+02, 1.39535446e+02, 5.54335327e+02, 1.48599335e+02,
       5.68724854e+02, 1.68747437e+02, 6.20916504e+02, 1.68747437e+02,
       6.20916504e+02, 1.68875778e+02, 4.88269928e+02, 1.68875778e+02,
       4.88269928e+02, 2.58703888e+02, 9.71422424e+02, 2.58703888e+02,
       9.71422424e+02, 2.63983765e+02, 1.39609177e+02, 2.63983765e+02,
       1.39609177e+02, 2.71575684e+02, 9.68500793e+02, 2.71575684e+02,
       9.68500793e+02, 2.75350464e+02, 1.42435486e+02, 2.75350464e+02,
       1.42435486e+02, 2.87004608e+02, 1.45623245e+02, 2.87004608e+02,
       1.45623245e+02, 2.93869781e+02, 9.62471130e+02, 2.94270050e+02,
       5.58088623e+02, 2.94679291e+02, 5.48157959e+02, 2.94930786e+02,
       5.38839844e+02, 2.95126373e+02, 5.66973633e+02, 2.96275543e+02,
       5.76277344e+02, 2.96489594e+02, 1.48338181e+02, 2.96489594e+02,
       1.48338181e+02, 2.98199493e+02, 5.85860474e+02, 2.98672028e+02,
       5.20880371e+02, 3.00879150e+02, 5.66899719e+02, 3.00879150e+02,
       5.66899719e+02, 3.00937683e+02, 5.13051331e+02, 3.01232025e+02,
       5.93909729e+02, 3.02635651e+02, 5.30809387e+02, 3.03577667e+02,
       9.59495483e+02, 3.03577667e+02, 9.59495483e+02, 3.03902222e+02,
       5.84136597e+02, 3.03902222e+02, 5.84136597e+02, 3.04788818e+02,
       5.03779694e+02, 3.05919739e+02, 1.51420776e+02, 3.05919739e+02,
       1.51420776e+02, 3.06214478e+02, 5.57885986e+02, 3.06228973e+02,
       5.49316711e+02, 3.06294922e+02, 5.41706482e+02, 3.07090759e+02,
       6.11209961e+02, 3.07667542e+02, 5.73898071e+02, 3.08059937e+02,
       5.33555542e+02, 3.08908417e+02, 4.94746094e+02, 3.09161041e+02,
       6.00487610e+02, 3.09161041e+02, 6.00487610e+02, 3.09988068e+02,
       5.81971375e+02, 3.10287598e+02, 5.23984619e+02, 3.11373688e+02,
       5.89936646e+02, 3.11712311e+02, 6.19559814e+02, 3.12233429e+02,
       9.56687744e+02, 3.12233429e+02, 9.56687744e+02, 3.12331818e+02,
       5.16744019e+02, 3.13801575e+02, 4.87591980e+02, 3.13952728e+02,
       4.98070709e+02, 3.13952728e+02, 4.98070709e+02, 3.14275940e+02,
       5.98003357e+02, 3.15443695e+02, 5.08607147e+02, 3.17386475e+02,
       6.16793823e+02, 3.17386475e+02, 6.16793823e+02, 3.17730713e+02,
       6.26753357e+02, 3.18183899e+02, 6.06143677e+02, 3.18929108e+02,
       4.79327332e+02, 3.21789795e+02, 6.13073669e+02, 3.22595825e+02,
       6.34672424e+02, 3.22932495e+02, 1.57152374e+02, 3.22932495e+02,
       1.57152374e+02, 3.23142639e+02, 4.83151184e+02, 3.23142639e+02,
       4.83151184e+02, 3.23341980e+02, 4.93382568e+02, 3.24805054e+02,
       4.72624146e+02, 3.26259857e+02, 6.20916382e+02, 3.26455627e+02,
       6.30107239e+02, 3.26455627e+02, 6.30107239e+02, 3.27617676e+02,
       4.86896271e+02, 3.28975220e+02, 6.41283020e+02, 3.29855438e+02,
       9.50496338e+02, 3.30406891e+02, 4.65389008e+02, 3.31350037e+02,
       1.60191895e+02, 3.31350037e+02, 1.60191895e+02, 3.31886749e+02,
       6.27793823e+02, 3.33386505e+02, 4.80094727e+02, 3.34749390e+02,
       6.48077454e+02, 3.36745728e+02, 4.58727112e+02, 3.37507446e+02,
       9.47682922e+02, 3.37801544e+02, 6.33807007e+02, 3.38773407e+02,
       4.73054138e+02, 3.38918732e+02, 6.44115051e+02, 3.38918732e+02,
       6.44115051e+02, 3.39176910e+02, 1.63228973e+02, 3.39176910e+02,
       1.63228973e+02, 3.42070251e+02, 6.39068054e+02, 3.42509003e+02,
       6.53314880e+02, 3.42509003e+02, 6.53314880e+02, 3.43991791e+02,
       4.53037231e+02, 3.44389404e+02, 9.44820312e+02, 3.44389404e+02,
       9.44820312e+02, 3.44921417e+02, 4.67572662e+02, 3.46646667e+02,
       1.66198608e+02, 3.46646667e+02, 1.66198608e+02, 3.48523682e+02,
       6.59143433e+02, 3.48589722e+02, 6.45541138e+02, 3.48589722e+02,
       6.45541138e+02, 3.51687073e+02, 4.61696838e+02, 3.53288391e+02,
       1.69050079e+02, 3.53288391e+02, 1.69050079e+02, 3.56096863e+02,
       6.50588867e+02, 3.57211487e+02, 6.67932617e+02, 3.57857849e+02,
       4.56726013e+02, 3.57857849e+02, 4.56726013e+02, 3.63348480e+02,
       6.54496399e+02, 3.65315918e+02, 4.53052307e+02, 3.65360718e+02,
       6.70675537e+02, 3.66971008e+02, 1.75054047e+02, 3.66971008e+02,
       1.75054047e+02, 3.66989532e+02, 4.38481567e+02, 3.67894562e+02,
       6.64299500e+02, 3.70746948e+02, 6.59147461e+02, 3.72187775e+02,
       4.47973389e+02, 3.72187775e+02, 4.47973389e+02, 3.73649017e+02,
       6.71518005e+02, 3.73657227e+02, 1.78237198e+02, 3.74666565e+02,
       4.35898468e+02, 3.74666565e+02, 4.35898468e+02, 3.75117798e+02,
       4.41395386e+02, 3.79621368e+02, 1.81103455e+02, 3.79621368e+02,
       1.81103455e+02, 3.80909180e+02, 6.69706421e+02, 3.84756714e+02,
       6.74472046e+02, 3.84756714e+02, 6.74472046e+02, 3.85910156e+02,
       4.36115509e+02, 3.88195496e+02, 4.41729462e+02, 3.93252533e+02,
       6.68954224e+02, 3.94171021e+02, 4.33096466e+02, 3.94171021e+02,
       4.33096466e+02, 4.00206970e+02, 6.76346191e+02, 4.00206970e+02,
       6.76346191e+02, 4.03955750e+02, 4.38278961e+02, 4.07309692e+02,
       9.14285706e+02, 4.07309692e+02, 9.14285706e+02, 4.13559692e+02,
       6.68110352e+02, 4.13559692e+02, 6.68110352e+02, 4.13559692e+02,
       6.68110352e+02, 4.14846680e+02, 6.69408630e+02, 4.14846680e+02,
       6.69408630e+02, 4.15385437e+02, 4.39138153e+02, 4.22881683e+02,
       6.75913757e+02, 4.29584808e+02, 9.00639893e+02, 4.30704346e+02,
       6.69465454e+02, 4.30704346e+02, 6.69465454e+02, 4.30908417e+02,
       4.39459839e+02, 4.30908417e+02, 4.39459839e+02, 4.39267365e+02,
       8.94184814e+02, 4.39267365e+02, 8.94184814e+02, 4.62770599e+02,
       6.70889221e+02, 4.62770599e+02, 6.70889221e+02, 5.41143555e+02,
       5.18734985e+02, 5.41143555e+02, 5.18734985e+02, 5.49704468e+02,
       7.86385986e+02, 5.49704468e+02, 7.86385986e+02, 5.55619812e+02,
       7.77525513e+02, 5.79812927e+02, 7.35099731e+02, 5.79812927e+02,
       7.35099731e+02, 5.88375793e+02, 3.92987396e+02, 5.88375793e+02,
       3.92987396e+02, 5.91523560e+02, 7.08251160e+02, 5.91661499e+02,
       4.00965759e+02, 5.91661499e+02, 4.00965759e+02, 5.94532959e+02,
       7.00298340e+02, 5.94547974e+02, 4.08408966e+02, 5.97469604e+02,
       4.16960449e+02, 6.00565308e+02, 4.26008240e+02, 6.00565308e+02,
       4.26008240e+02, 6.03284241e+02, 4.35372284e+02, 6.03284241e+02,
       4.35372284e+02, 6.06485046e+02, 6.61888916e+02, 6.09270996e+02,
       4.59110870e+02, 6.09270996e+02, 4.59110870e+02, 7.72737976e+02,
