%YAML:1.0
---
DIM: !!opencv-matrix
   rows: 2
   cols: 1
   dt: d
   data: [ 4096., 2048. ]
K: !!opencv-matrix
   rows: 3
   cols: 3
   dt: d
   data: [ 1.0171771690178394e+03, 0., 1.9975902269677370e+03, 0.,
       1.2729946852632518e+03, 9.9531940986903385e+02, 0., 0., 1. ]
D: !!opencv-matrix
   rows: 4
   cols: 1
   dt: d
   data: [ 2.3952069938467946e-01, -1.4947551202465598e-02,
       -2.3688710390832632e-02, 8.6549042432551744e-03 ]
