%YAML:1.0
---
DIM: !!opencv-matrix
   rows: 2
   cols: 1
   dt: d
   data: [ 4096., 2048. ]
K: !!opencv-matrix
   rows: 3
   cols: 3
   dt: d
   data: [ 9.9073075716800520e+02, 0., 2.0711119980450735e+03, 0.,
       1.2442682910017741e+03, 1.0010042378146502e+03, 0., 0., 1. ]
D: !!opencv-matrix
   rows: 4
   cols: 1
   dt: d
   data: [ 3.5989917529886895e-01, -2.0891627700095369e-01,
       1.1739142190416857e-01, -2.6030039206673967e-02 ]
