%YAML:1.0
---
K: !!opencv-matrix
   rows: 3
   cols: 3
   dt: d
   data: [ 1.0540351753798711e+03, 0., 2.0123078954222349e+03, 0.,
       1.3980833331648071e+03, 9.9937335704785414e+02, 0., 0., 1. ]
D: !!opencv-matrix
   rows: 1
   cols: 5
   dt: d
   data: [ -1.0458513139661775e-01, 8.7394346320664520e-03,
       -7.7079965862035852e-04, 3.3124723835569721e-03,
       -2.8482453120180757e-04 ]
