%YAML:1.0
---
DIM: !!opencv-matrix
   rows: 2
   cols: 1
   dt: d
   data: [ 4438., 1907. ]
K: !!opencv-matrix
   rows: 3
   cols: 3
   dt: d
   data: [ 2.1648998236852435e+03, 0., 2.2927792758390824e+03, 0.,
       2.0403275650968412e+03, 9.3146114971130169e+02, 0., 0., 1. ]
D: !!opencv-matrix
   rows: 4
   cols: 1
   dt: d
   data: [ -3.8184573749030393e-01, 4.0262416339939948e+00,
       -1.7109256626552931e+01, 2.7819482281869963e+01 ]
