%YAML:1.0
---
K: !!opencv-matrix
   rows: 3
   cols: 3
   dt: d
   data: [ 1.7552237457871292e+03, 0., 2.0879915671017484e+03, 0.,
       1.7552870253083172e+03, 1.5761627621806313e+03, 0., 0., 1. ]
D: !!opencv-matrix
   rows: 1
   cols: 5
   dt: d
   data: [ 9.1442084339286925e-03, -9.2205619694324843e-03,
       3.8398861763259506e-03, 8.3665940632369745e-03,
       2.2205651851021791e-03 ]
