%YAML:1.0
---
DIM: !!opencv-matrix
   rows: 2
   cols: 1
   dt: d
   data: [ 4000., 3000. ]
K: !!opencv-matrix
   rows: 3
   cols: 3
   dt: d
   data: [ 1.7618062957895552e+03, 0., 2.0471596274635087e+03, 0.,
       1.7596954915985041e+03, 1.5515000127233700e+03, 0., 0., 1. ]
D: !!opencv-matrix
   rows: 4
   cols: 1
   dt: d
   data: [ 4.0512243647959068e-01, -1.6642008381976089e-01,
       6.6088459328661109e-01, -4.1939909647618340e-01 ]
