%YAML:1.0
---

K: !!opencv-matrix
   rows: 3
   cols: 3
   dt: d
   data: [ 2.1611777660587927e+03, 0., 2.2901212506850688e+03, 0.,
       2.0366365629704994e+03, 9.3214858780867507e+02, 0., 0., 1. ]
D: !!opencv-matrix
   rows: 4
   cols: 1
   dt: d
   data: [ -3.8590089667137450e-01, 4.0403008211067757e+00,
       -1.7087939283766637e+01, 2.7672353686784025e+01 ]
