%YAML:1.0
---
K: !!opencv-matrix
   rows: 3
   cols: 3
   dt: d
   data: [ 1.8977630228167425e+03, 0., 2.2881891891222290e+03, 0.,
       1.8954127946918136e+03, 1.1699518341937971e+03, 0., 0., 1. ]
D: !!opencv-matrix
   rows: 1
   cols: 5
   dt: d
   data: [ -3.1787504814022244e-01, 3.7313582442545196e-01,
       -4.9228145533877325e-03, -2.4920784759629969e-03,
       -3.9453313164546772e-01 ]
