%YAML:1.0
---
K: !!opencv-matrix
   rows: 3
   cols: 3
   dt: d
   data: [ 1.8613251397131771e+03, 0., 2.3252641328973987e+03, 0.,
       1.8528235264110062e+03, 1.1998925116075682e+03, 0., 0., 1. ]
D: !!opencv-matrix
   rows: 1
   cols: 5
   dt: d
   data: [ -3.2684343031569235e-01, 4.0465131021926226e-01,
       -5.3791171002099750e-03, -3.3844246742962374e-03,
       -3.9738841431075916e-01 ]
